sphere
298 182 343 92
box
370 482 496 63 115 29
move
85 295 290 27
rotate
x 176
move
18 155 232 47
rotate
x 186
rotate
z 42
move
421 445 365 49
move
92 121 160 80
rotate
x 66
torus
197 131 97 251 49
box
391 89 376 81 438 15
rotate
z 56
torus
13 160 409 485 33
torus
114 367 445 332 27
move
130 356 14 89
torus
122 245 401 20 45
torus
95 114 41 341 55
move
182 96 153 4
box
477 468 4 352 246 39
sphere
369 263 78 52
torus
494 45 56 495 24
torus
464 46 453 107 13
sphere
137 88 226 74
box
488 205 29 2 379 85
sphere
145 66 281 0
sphere
64 265 344 94
box
397 105 10 259 316 72
sphere
31 269 72 29
move
312 9 330 97
rotate
x 267
box
111 469 162 270 444 79
rotate
y 76
torus
190 394 122 185 84
rotate
y 257
sphere
186 114 304 81
rotate
x 213
sphere
82 171 344 26
sphere
14 274 33 23
sphere
41 11 301 38
torus
492 387 457 39 99
box
409 171 355 498 17 69
torus
368 146 68 472 29
move
313 145 447 52
move
0 140 338 42
rotate
y 354
sphere
200 280 249 75
move
178 100 162 86
box
133 136 345 231 477 90
rotate
y 171
rotate
y 258
sphere
214 53 253 65
torus
211 413 220 480 37
rotate
x 26
box
441 66 20 419 425 26
box
389 204 365 415 475 87
torus
215 191 77 415 51
sphere
427 174 173 3
rotate
z 331
move
194 461 78 0
rotate
y 222
move
489 126 381 6
rotate
y 215
box
466 33 83 361 498 83
box
289 331 203 298 229 24
sphere
298 82 164 75
torus
35 452 137 353 71
sphere
262 138 455 81
box
475 365 14 437 80 50
move
117 307 307 20
sphere
452 390 61 30
sphere
50 336 315 1
rotate
y 45
box
7 421 395 248 73 43
move
486 13 161 1
rotate
z 150
torus
391 2 285 294 22
move
300 144 11 61
move
428 295 393 15
move
291 406 281 67
move
82 432 456 9
move
226 144 345 34
box
29 221 127 190 490 26
move
35 99 20 95
torus
26 140 465 271 59
box
16 159 74 37 402 1
move
343 487 154 98
rotate
y 86
box
4 44 81 267 347 22
box
374 283 38 230 433 16
move
437 291 60 11
sphere
499 29 140 75
torus
293 356 211 134 32
torus
26 420 231 461 3
sphere
446 125 209 56
move
401 456 416 11
rotate
z 0
torus
218 345 499 73 4
torus
435 212 161 308 90
move
365 367 127 5
rotate
z 107
move
487 256 214 20
box
446 60 499 201 373 73
torus
357 480 33 165 84
rotate
x 234
move
18 395 29 6
move
191 486 252 44
move
131 395 496 92
box
337 233 285 313 481 91
torus
138 57 235 215 88
sphere
184 101 121 11
rotate
y 202
move
454 495 437 74
box
447 442 353 28 69 38
rotate
y 59
move
202 97 108 87
torus
467 1 273 458 61
rotate
z 64
sphere
324 388 150 2
box
320 137 2 45 414 50
rotate
y 343
rotate
x 54
sphere
425 354 418 46
torus
406 292 345 227 18
move
460 3 145 98
move
148 257 114 32
rotate
z 308
box
91 417 280 180 255 12
sphere
242 491 340 14
box
206 474 141 170 274 18
sphere
307 389 159 18
torus
81 323 100 319 59
sphere
209 320 233 9
move
428 424 343 92
torus
362 292 38 432 70
rotate
y 35
torus
116 179 134 470 4
move
0 473 269 25
rotate
x 172
box
188 446 396 193 125 29
move
34 94 140 1
box
4 404 188 225 8 93
torus
361 338 226 279 7
rotate
z 230
rotate
z 226
torus
69 469 262 257 10
move
196 265 115 55
rotate
z 289
move
77 226 269 71
torus
459 217 256 453 91
box
48 105 466 364 0 65
move
50 393 16 1
torus
16 174 491 165 50
move
203 155 482 59
move
470 354 109 50
move
456 196 221 14
box
60 163 133 215 456 35
box
159 73 366 353 480 54
move
419 462 12 7
sphere
81 357 310 66
box
410 390 97 145 211 23
move
322 496 255 93
rotate
x 292
torus
419 274 418 163 84
torus
217 265 368 121 58
move
222 77 346 98
rotate
x 99
box
138 391 213 134 418 6
torus
64 114 358 112 15
box
179 264 312 87 185 62
torus
103 255 301 94 6
torus
126 339 110 497 27
box
219 108 138 109 282 51
move
423 491 25 79
box
187 345 99 369 361 81
move
162 368 186 89
sphere
266 191 80 68
move
344 323 62 3
sphere
136 285 255 2
torus
198 180 108 81 49
move
92 478 84 92
sphere
333 12 160 13
box
146 36 458 461 243 11
move
188 88 181 25
sphere
42 10 331 15
sphere
11 35 451 10
move
132 393 413 74
sphere
39 36 156 16
rotate
y 110
sphere
36 321 125 49
torus
482 93 147 49 86
move
400 493 345 37
torus
470 223 476 77 89
sphere
51 328 388 65
rotate
y 181
sphere
232 358 306 48
torus
429 88 57 309 67
move
428 252 229 95
sphere
314 136 51 25
rotate
z 115
torus
398 227 17 207 54
box
465 115 176 447 35 98
rotate
y 144
sphere
441 311 403 50
rotate
z 282
torus
211 203 402 34 49
sphere
488 390 111 77
move
110 201 318 65
move
435 242 287 4
torus
171 69 94 407 14
torus
235 476 342 40 18
box
87 36 84 380 185 27
torus
368 241 489 416 35
sphere
416 469 447 15
sphere
473 141 97 57
rotate
y 222
sphere
153 84 268 27
move
34 88 314 65
box
481 151 155 317 97 74
move
376 220 59 18
torus
445 226 5 30 5
rotate
y 93
move
277 424 445 74
rotate
z 289
box
333 433 362 413 239 20
box
453 135 57 468 95 13
move
397 377 142 47
rotate
x 23
move
462 5 259 53
box
2 416 320 43 26 70
torus
346 210 251 30 7
rotate
z 232
sphere
229 367 195 43
rotate
z 327
torus
391 166 290 472 27
rotate
x 210
torus
140 371 372 18 83
torus
78 96 97 417 95
rotate
x 57
sphere
294 149 130 64
box
483 438 78 252 291 2
rotate
x 298
box
320 407 52 289 163 46
rotate
x 166
torus
454 422 265 233 79
sphere
16 122 252 11
move
471 186 425 70
sphere
337 349 373 42
torus
430 144 260 245 29
box
32 150 465 395 190 7
box
6 112 266 38 266 23
box
287 194 328 268 361 2
sphere
173 426 328 15
sphere
80 266 413 59
sphere
440 406 101 9
torus
283 465 129 58 16
box
360 3 490 20 26 94
box
349 342 211 114 392 12
sphere
421 498 364 34
rotate
y 175
move
254 23 219 43
rotate
z 67
box
129 198 143 38 74 37
move
358 81 178 29
move
364 327 110 67
torus
320 420 287 161 15
torus
250 358 244 480 52
rotate
y 302
rotate
y 34
torus
278 165 198 161 84
rotate
y 124
rotate
y 320
box
382 359 190 138 201 22
move
491 397 165 66
move
406 327 189 33
box
356 404 104 186 342 82
box
182 53 144 134 408 77
sphere
196 313 370 43
move
292 485 431 14
box
90 352 11 48 397 87
rotate
x 200
box
442 136 239 311 1 76
box
54 323 84 182 33 82
move
112 48 115 49
move
401 342 288 82
rotate
y 128
rotate
x 264
torus
246 106 333 209 23
move
259 71 47 6
rotate
x 211
box
484 85 366 28 481 50
sphere
192 72 135 71
torus
276 277 202 471 61
sphere
433 427 93 21
torus
19 428 99 199 92
torus
463 80 235 261 81
torus
234 344 369 342 42
move
456 245 388 41
torus
333 328 393 448 94
sphere
77 236 271 0
sphere
6 156 443 64
rotate
x 2
torus
479 420 443 421 13
box
116 28 321 493 429 23
sphere
346 300 332 48
box
448 348 148 369 442 98
box
358 453 327 51 20 77
move
159 165 250 83
box
8 379 270 294 244 63
rotate
x 287
move
219 338 225 12
rotate
x 355
rotate
x 138
sphere
466 274 405 11
sphere
493 294 405 96
torus
66 22 82 145 41
torus
303 111 336 180 15
sphere
173 266 494 24
torus
380 96 262 74 9
move
39 53 221 46
rotate
z 198
rotate
y 147
move
212 194 233 43
move
260 378 467 66
torus
456 225 361 284 9
move
241 428 271 42
rotate
y 320
rotate
z 35
torus
106 5 331 211 99
sphere
83 88 272 16
box
251 135 213 6 369 69
box
462 49 212 370 3 44
torus
481 97 14 77 74
rotate
z 179
move
257 178 410 89
sphere
232 300 485 43
rotate
z 173
rotate
y 182
sphere
378 347 5 56
sphere
486 53 104 74
torus
263 151 94 488 4
move
408 181 347 7
sphere
392 373 71 24
torus
417 173 59 453 5
box
283 34 39 380 451 56
box
405 183 159 351 74 63
torus
283 244 384 211 82
move
133 141 0 22
rotate
y 267
sphere
385 499 268 77
rotate
x 141
torus
25 351 497 341 54
box
56 196 197 55 129 46
move
392 24 157 13
box
444 346 425 192 253 32
sphere
479 350 198 36
torus
179 279 352 2 90
torus
379 99 33 163 27
rotate
y 228
rotate
x 204
sphere
5 297 430 86
rotate
z 331
box
258 461 174 103 248 17
sphere
216 138 173 7
move
26 38 168 38
torus
103 486 375 280 63
rotate
y 46
box
171 129 415 252 74 40
rotate
x 147
torus
263 258 429 73 22
torus
157 264 102 37 97
sphere
225 247 456 48
sphere
78 263 280 82
move
18 454 410 58
torus
276 297 158 454 99
box
324 436 495 494 229 81
box
203 369 386 71 95 72
rotate
z 189
sphere
243 226 78 42
rotate
z 351
sphere
60 116 493 68
rotate
x 178
box
80 433 121 287 177 18
box
157 159 20 87 150 28
sphere
378 479 470 87
box
366 472 8 327 73 16
sphere
100 133 8 21
rotate
z 144
rotate
y 63
rotate
y 136
sphere
417 17 90 78
sphere
290 386 327 17
rotate
y 16
sphere
199 249 444 71
sphere
254 155 358 39
torus
137 489 57 108 76
sphere
456 342 338 67
torus
361 11 237 272 54
torus
389 274 392 353 55
torus
62 484 72 357 25
move
353 86 341 74
sphere
249 240 22 86
box
421 447 59 388 13 47
sphere
462 491 96 35
torus
105 253 448 369 62
torus
11 450 404 318 51
torus
69 470 291 286 72
move
25 134 287 41
box
233 237 322 488 399 29
box
437 16 203 481 237 19
rotate
y 273
sphere
443 215 362 28
box
7 408 30 342 435 48
box
330 162 339 286 444 38
box
380 38 222 453 9 59
rotate
y 220
sphere
316 487 40 56
sphere
308 188 236 37
torus
211 260 475 347 77
sphere
335 179 72 70
move
350 146 38 70
sphere
478 430 65 89
move
193 103 39 26
box
172 254 213 249 443 30
sphere
172 126 225 31
torus
179 273 469 452 62
move
251 303 405 76
sphere
58 454 322 92
rotate
y 102
torus
23 211 379 467 74
box
376 142 337 94 114 4
rotate
y 61
sphere
70 476 195 36
move
376 296 10 64
rotate
z 162
rotate
z 48
move
361 409 429 80
rotate
y 251
sphere
200 397 460 69
torus
150 326 115 323 38
torus
179 393 215 107 68
sphere
84 137 220 78
move
231 353 59 17
sphere
281 157 165 51
sphere
20 41 223 68
move
430 240 428 66
rotate
y 303
torus
277 412 238 162 56
rotate
y 103
torus
262 99 66 410 34
rotate
x 46
sphere
389 430 304 59
rotate
y 133
sphere
486 349 417 5
box
278 8 80 212 110 16
torus
264 240 370 266 76
move
3 100 248 53
box
315 96 358 20 1 12
move
12 124 351 19
torus
232 1 165 184 1
box
140 191 264 345 16 38
move
310 145 143 43
torus
2 38 117 228 20
sphere
422 127 428 27
box
190 61 185 200 251 2
move
215 245 104 16
sphere
40 190 423 40
move
424 70 270 78
rotate
y 149
torus
338 322 50 377 17
rotate
z 45
torus
373 152 457 164 1
box
138 387 289 37 62 66
box
194 415 277 157 443 68
rotate
z 297
sphere
21 86 443 43
box
16 356 208 497 149 61
rotate
x 64
box
415 387 114 4 35 77
rotate
x 90
torus
124 414 481 155 53
move
345 354 408 89
rotate
x 265
box
195 118 272 4 79 21
move
335 248 61 22
torus
23 318 3 302 35
torus
305 31 416 187 79
box
40 459 311 225 215 32
rotate
x 189
box
425 37 372 85 331 14
sphere
227 192 283 30
rotate
y 193
sphere
428 296 68 38
move
161 325 486 88
torus
341 156 126 18 15
sphere
267 385 416 40
box
457 171 335 138 411 10
torus
187 455 342 439 5
torus
80 380 162 239 53
box
97 482 337 204 11 23
display
save
randy.png